,Frontal Lobe,Cingulate,Parietal Lobe,Occipital Lobe,Insula,Hypothalamus,Temporal Lobe,Anterior Temporal,Lateral Temporal,Mesial Temporal,Posterior Temporal,Basal Temporal
Frontal Lobe,1.0,0.784587242623265,0.5680660406129815,0.34756489078850866,0.34617285512020585,0.46033953522109394,0.7145360527499991,0.48269639082067,0.4158318208940274,0.3796583205755738,0.16417149866495,0.3267860754179372
Cingulate,0.784587242623265,1.0,0.26468388632524564,0.08961724763585485,0.3813142278187871,0.30633246213529725,0.5859789964232882,0.5557615611208755,0.1439432521430674,0.4757253010084857,0.12532453468201668,0.22702391192161506
Parietal Lobe,0.5680660406129815,0.26468388632524564,1.0,0.4938991989334113,0.5729459563639595,0.5461851245382738,0.6308201121020196,0.41955515908129726,0.5314945191415091,0.4216723235920653,0.4005570799667834,0.4696341027432717
Occipital Lobe,0.34756489078850866,0.08961724763585485,0.4938991989334113,1.0,0.04336551193973331,0.28834565309716415,0.37529894204434305,0.1473104071326705,0.23837856084214082,0.12447250743339897,0.3285089527503341,0.46897682469225555
Insula,0.34617285512020585,0.3813142278187871,0.5729459563639595,0.04336551193973331,1.0,0.37454670112625005,0.48180020534693985,0.6272217644432226,0.5306640316682802,0.6087084132255403,0.42403713526818543,0.4055407399768819
Hypothalamus,0.46033953522109394,0.30633246213529725,0.5461851245382738,0.28834565309716415,0.37454670112625005,1.0,0.47885508287542566,0.4239850161920942,0.5893570117308812,0.33713993242438506,0.4202976031250052,0.12158654408585802
Temporal Lobe,0.7145360527499991,0.5859789964232882,0.6308201121020196,0.37529894204434305,0.48180020534693985,0.47885508287542566,1.0,0.7323474075831218,0.5818588734357969,0.7342266696231471,0.4406636541755221,0.25214496577789325
Anterior Temporal,0.48269639082067,0.5557615611208755,0.41955515908129726,0.1473104071326705,0.6272217644432226,0.4239850161920942,0.7323474075831218,1.0,0.43474443064302287,0.86254701640764,0.6300746731489646,0.35878288550238757
Lateral Temporal,0.4158318208940274,0.1439432521430674,0.5314945191415091,0.23837856084214082,0.5306640316682802,0.5893570117308812,0.5818588734357969,0.43474443064302287,1.0,0.48718502624948,0.28613048362278226,0.16703508293084035
Mesial Temporal,0.3796583205755738,0.4757253010084857,0.4216723235920653,0.12447250743339897,0.6087084132255403,0.33713993242438506,0.7342266696231471,0.86254701640764,0.48718502624948,1.0,0.5762110357534701,0.372699035035329
Posterior Temporal,0.16417149866495,0.12532453468201668,0.4005570799667834,0.3285089527503341,0.42403713526818543,0.4202976031250052,0.4406636541755221,0.6300746731489646,0.28613048362278226,0.5762110357534701,1.0,0.455794299377125
Basal Temporal,0.3267860754179372,0.22702391192161506,0.4696341027432717,0.46897682469225555,0.4055407399768819,0.12158654408585802,0.25214496577789325,0.35878288550238757,0.16703508293084035,0.372699035035329,0.455794299377125,1.0
